# freq_Hz  mean_coherence_H1L1_O3_4096s
0.000000000000000000e+00 1.197539578216353685e-02
1.359375000000000000e+00 7.246631614730896301e-03
2.718750000000000000e+00 7.510925907918222268e-03
4.078125000000000000e+00 7.761625873159349806e-03
5.437500000000000000e+00 7.997464328552666979e-03
6.796875000000000000e+00 8.263877103594500367e-03
8.156250000000000000e+00 8.587317035342873286e-03
9.515625000000000000e+00 8.957879941512897348e-03
1.087500000000000000e+01 9.286659830055481873e-03
1.223437500000000000e+01 9.224574126498446408e-03
1.359375000000000000e+01 7.271435125082019099e-03
1.495312500000000000e+01 6.322954200931639804e-03
1.631250000000000000e+01 1.010519051716797165e-02
1.767187500000000000e+01 1.748050389112199357e-02
1.903125000000000000e+01 1.951469204870936655e-02
2.039062500000000000e+01 1.508367783218212722e-02
2.175000000000000000e+01 4.226363927227807247e-04
2.310937500000000000e+01 2.914810900767601451e-03
2.446875000000000000e+01 1.160084654661029625e-03
2.582812500000000000e+01 3.565511372399356085e-03
2.718750000000000000e+01 1.104271330057639451e-02
2.854687500000000000e+01 1.722288269359804848e-04
2.990625000000000000e+01 9.308722981795128013e-03
3.126562500000000000e+01 1.407631967200291198e-02
3.262500000000000000e+01 5.079337277248504277e-03
3.398437500000000000e+01 8.553373694725264695e-03
3.534375000000000000e+01 2.424604393514723320e-03
3.670312500000000000e+01 7.974806660157542429e-03
3.806250000000000000e+01 3.457885367710474001e-04
3.942187500000000000e+01 1.130081352768082768e-03
4.078125000000000000e+01 6.223874322519208505e-04
4.214062500000000000e+01 7.461827565313344617e-03
4.350000000000000000e+01 9.836398922220856642e-03
4.485937500000000000e+01 2.038312100565926183e-02
4.621875000000000000e+01 1.681520587468358398e-03
4.757812500000000000e+01 6.225020850365201378e-03
4.893750000000000000e+01 4.251602989393876773e-04
5.029687500000000000e+01 1.024798388147202428e-02
5.165625000000000000e+01 2.757733066891163154e-02
5.301562500000000000e+01 6.746850477992184444e-03
5.437500000000000000e+01 8.159914710935176172e-05
5.573437500000000000e+01 3.846335166620324080e-03
5.709375000000000000e+01 4.709438945321549265e-04
5.845312500000000000e+01 2.491712068771722568e-04
5.981250000000000000e+01 3.972561163273937226e-03
6.117187500000000000e+01 1.128750968045826204e-03
6.253125000000000000e+01 3.550496272927335453e-03
6.389062500000000000e+01 6.783055486203393158e-03
6.525000000000000000e+01 9.953445417251573571e-03
6.660937500000000000e+01 2.920166288103129629e-02
6.796875000000000000e+01 6.195130889139376790e-03
6.932812500000000000e+01 1.326080287108111037e-02
7.068750000000000000e+01 4.363871752903892946e-03
7.204687500000000000e+01 1.423709525674634246e-03
7.340625000000000000e+01 1.678958128302630859e-02
7.476562500000000000e+01 1.144622839439056981e-02
7.612500000000000000e+01 2.106262896037773558e-02
7.748437500000000000e+01 7.183229811419169879e-03
7.884375000000000000e+01 2.933720681388178250e-02
8.020312500000000000e+01 4.270048264230535268e-02
8.156250000000000000e+01 1.854452015701083803e-03
8.292187500000000000e+01 2.586074652527544857e-03
8.428125000000000000e+01 1.218406954610836042e-02
8.564062500000000000e+01 1.780877367458284658e-04
8.700000000000000000e+01 4.208401037683328315e-03
8.835937500000000000e+01 1.947661491930224691e-03
8.971875000000000000e+01 2.620499009022569589e-02
9.107812500000000000e+01 8.024800812708871023e-03
9.243750000000000000e+01 7.072668217549997818e-03
9.379687500000000000e+01 5.984227534761803365e-03
9.515625000000000000e+01 1.294495791586290113e-02
9.651562500000000000e+01 2.334027734695693409e-03
9.787500000000000000e+01 1.503553711990361988e-02
9.923437500000000000e+01 5.001696777942577464e-03
1.005937500000000000e+02 2.994037172226506234e-03
1.019531250000000000e+02 2.371958532722547464e-03
1.033125000000000000e+02 8.427672488992432251e-03
1.046718750000000000e+02 9.652742983486731470e-04
1.060312500000000000e+02 4.070712508467562961e-03
1.073906250000000000e+02 8.144922895409830235e-03
1.087500000000000000e+02 1.172178446743290430e-03
1.101093750000000000e+02 1.075652106753253838e-02
1.114687500000000000e+02 6.714244533581134426e-03
1.128281250000000000e+02 9.084173675974822199e-03
1.141875000000000000e+02 2.363334111243918078e-03
1.155468750000000000e+02 6.327615588306949573e-04
1.169062500000000000e+02 2.054948327391543234e-02
1.182656250000000000e+02 1.503066389680832518e-02
1.196250000000000000e+02 1.067560172976287323e-03
1.209843750000000000e+02 1.940290263177594371e-02
1.223437500000000000e+02 2.216088994281081859e-02
1.237031250000000000e+02 2.328337433998701328e-03
1.250625000000000000e+02 3.423982909730895110e-03
1.264218750000000000e+02 2.017305717872921750e-03
1.277812500000000000e+02 3.571829100364821378e-03
1.291406250000000000e+02 1.608048619120251103e-03
1.305000000000000000e+02 3.531914325277056956e-04
1.318593750000000000e+02 2.511610733136577980e-03
1.332187500000000000e+02 2.400251024482895346e-02
1.345781250000000000e+02 3.020409595558334361e-03
1.359375000000000000e+02 1.902866001860958195e-02
1.372968750000000000e+02 5.021969450782865722e-04
1.386562500000000000e+02 7.158641843237715206e-03
1.400156250000000000e+02 5.157284720377240672e-02
1.413750000000000000e+02 8.130723335652564193e-03
1.427343750000000000e+02 3.868366108013491633e-03
1.440937500000000000e+02 4.951461230812644922e-03
1.454531250000000000e+02 6.112004973560175927e-03
1.468125000000000000e+02 1.208544345216805427e-02
1.481718750000000000e+02 3.128379546268841935e-03
1.495312500000000000e+02 8.845210643964705396e-03
1.508906250000000000e+02 8.701746944536835685e-03
1.522500000000000000e+02 6.171800329252656462e-04
1.536093750000000000e+02 3.220155742324735254e-03
1.549687500000000000e+02 4.844399846714978614e-03
1.563281250000000000e+02 1.738818310992277551e-03
1.576875000000000000e+02 9.438872782577189743e-03
1.590468750000000000e+02 4.663619131360327054e-03
1.604062500000000000e+02 3.493969730531007196e-03
1.617656250000000000e+02 8.580434088023480496e-03
1.631250000000000000e+02 1.424862325276923499e-04
1.644843750000000000e+02 4.684871081218208722e-02
1.658437500000000000e+02 2.779831007812822406e-03
1.672031250000000000e+02 7.449798201589432310e-03
1.685625000000000000e+02 1.392806306296019356e-02
1.699218750000000000e+02 3.490770652119121534e-03
1.712812500000000000e+02 7.835342029185379939e-04
1.726406250000000000e+02 5.806373361748604252e-03
1.740000000000000000e+02 1.112908826670515154e-02
1.753593750000000000e+02 2.124560134504155807e-03
1.767187500000000000e+02 2.248190081638179190e-04
1.780781250000000000e+02 7.782723379465921430e-04
1.794375000000000000e+02 6.397376102738427765e-03
1.807968750000000000e+02 7.687571191587486358e-04
1.821562500000000000e+02 3.817889226065132851e-03
1.835156250000000000e+02 1.404984395504411780e-02
1.848750000000000000e+02 6.111500097034867733e-03
1.862343750000000000e+02 1.669481212950640414e-03
1.875937500000000000e+02 2.206869767868754016e-03
1.889531250000000000e+02 1.469728837235199231e-02
1.903125000000000000e+02 8.718443187839344105e-03
1.916718750000000000e+02 8.149092908977879218e-03
1.930312500000000000e+02 8.936240480692881141e-03
1.943906250000000000e+02 8.426314861078509563e-03
1.957500000000000000e+02 6.859427209469363268e-03
1.971093750000000000e+02 1.624180350343837299e-03
1.984687500000000000e+02 1.029307614239822555e-03
1.998281250000000000e+02 1.014526958095130632e-02
2.011875000000000000e+02 9.010745293897758036e-05
2.025468750000000000e+02 1.110271235555438697e-02
2.039062500000000000e+02 3.926563238410123342e-03
2.052656250000000000e+02 1.735435380494498771e-03
2.066250000000000000e+02 5.148046853503877689e-03
2.079843750000000000e+02 1.788008130232531315e-02
2.093437500000000000e+02 1.680852113578662358e-03
2.107031250000000000e+02 6.612178721872584083e-03
2.120625000000000000e+02 3.298512844665520832e-02
2.134218750000000000e+02 5.151946111153560444e-03
2.147812500000000000e+02 4.721233928580335047e-03
2.161406250000000000e+02 1.071807820117216120e-02
2.175000000000000000e+02 6.842752523740973890e-03
2.188593750000000000e+02 9.811748777758404899e-03
2.202187500000000000e+02 5.354504069691443970e-03
2.215781250000000000e+02 2.308257153932267991e-02
2.229375000000000000e+02 5.242189109583975104e-03
2.242968750000000000e+02 6.686721813791662167e-03
2.256562500000000000e+02 9.622340896241842953e-03
2.270156250000000000e+02 3.697649612676609868e-03
2.283750000000000000e+02 3.403912712936824850e-03
2.297343750000000000e+02 4.043533209223158092e-03
2.310937500000000000e+02 7.862560942879379816e-03
2.324531250000000000e+02 7.415412937525619336e-03
2.338125000000000000e+02 7.156530772264301475e-03
2.351718750000000000e+02 1.865393886322569503e-03
2.365312500000000000e+02 1.212940288681050444e-03
2.378906250000000000e+02 9.099442287782200101e-03
2.392500000000000000e+02 6.610453806602824105e-03
2.406093750000000000e+02 4.949227919817431693e-04
2.419687500000000000e+02 1.400802958037610825e-02
2.433281250000000000e+02 5.830352896607473613e-03
2.446875000000000000e+02 4.699689858343535954e-03
2.460468750000000000e+02 1.266179144792615834e-02
2.474062500000000000e+02 6.043011695441926311e-03
2.487656250000000000e+02 2.398269563514795393e-04
2.501250000000000000e+02 6.821274198089156623e-03
2.514843750000000000e+02 1.171519461352721683e-02
2.528437500000000000e+02 7.460125598336281305e-04
2.542031250000000000e+02 4.392782661295551653e-04
2.555625000000000000e+02 1.561652063248436875e-02
2.569218750000000000e+02 9.921826452640929855e-03
2.582812500000000000e+02 6.048068595192688732e-03
2.596406250000000000e+02 6.308431672474489917e-03
2.610000000000000000e+02 7.754331418802681494e-03
2.623593750000000000e+02 1.111893428073472759e-02
2.637187500000000000e+02 1.525799681973075551e-04
2.650781250000000000e+02 9.628085640240039355e-04
2.664375000000000000e+02 8.625071328444959161e-04
2.677968750000000000e+02 4.364624569498343556e-03
2.691562500000000000e+02 6.757720276299268233e-03
2.705156250000000000e+02 7.562970285775461911e-03
2.718750000000000000e+02 9.656378019607052277e-03
2.732343750000000000e+02 7.891445105194802925e-03
2.745937500000000000e+02 2.197378567630900448e-03
2.759531250000000000e+02 1.332005312707993001e-03
2.773125000000000000e+02 2.214295712058545612e-02
2.786718750000000000e+02 1.719606627332070578e-02
2.800312500000000000e+02 8.888494487341579457e-04
2.813906250000000000e+02 1.200721072644641684e-03
2.827500000000000000e+02 3.958377841382315285e-03
2.841093750000000000e+02 2.462520147833287265e-02
2.854687500000000000e+02 5.335366615774613831e-03
2.868281250000000000e+02 1.363355811744959567e-02
2.881875000000000000e+02 8.034010958199706495e-03
2.895468750000000000e+02 6.354319530280813817e-03
2.909062500000000000e+02 8.995825070757064099e-03
2.922656250000000000e+02 1.499715434774042018e-02
2.936250000000000000e+02 1.216925842823172663e-02
2.949843750000000000e+02 9.846962003036866667e-03
2.963437500000000000e+02 5.028510710181296507e-03
2.977031250000000000e+02 9.888834437541830016e-03
2.990625000000000000e+02 1.510175026483157046e-02
3.004218750000000000e+02 1.769594220343639153e-03
3.017812500000000000e+02 3.615211225455535761e-04
3.031406250000000000e+02 1.081171711071719646e-03
3.045000000000000000e+02 1.955358501903839072e-02
3.058593750000000000e+02 2.458999185317794437e-03
3.072187500000000000e+02 3.460309226213779434e-03
3.085781250000000000e+02 7.697884382292087199e-03
3.099375000000000000e+02 1.050998349257230464e-02
3.112968750000000000e+02 7.073068316322188992e-03
3.126562500000000000e+02 2.198592935568221066e-02
3.140156250000000000e+02 1.067443252281372740e-02
3.153750000000000000e+02 5.152101765773446466e-03
3.167343750000000000e+02 3.436640027366699105e-03
3.180937500000000000e+02 3.252486316595474408e-03
3.194531250000000000e+02 2.363552541208150011e-03
3.208125000000000000e+02 1.386390552124251523e-05
3.221718750000000000e+02 5.335009596543043844e-04
3.235312500000000000e+02 1.515337700328272565e-02
3.248906250000000000e+02 4.150313957674595100e-03
3.262500000000000000e+02 6.054736583482250379e-04
3.276093750000000000e+02 1.959751038015636326e-02
3.289687500000000000e+02 3.906777513273953020e-03
3.303281250000000000e+02 6.038050822467065475e-03
3.316875000000000000e+02 7.986763217199080792e-03
3.330468750000000000e+02 1.081468777021578169e-02
3.344062500000000000e+02 2.955962869609671484e-05
3.357656250000000000e+02 4.484589821515430966e-03
3.371250000000000000e+02 1.069180867153231643e-02
3.384843750000000000e+02 3.719084114434246038e-03
3.398437500000000000e+02 1.266106371929736664e-02
3.412031250000000000e+02 5.191960314648953398e-03
3.425625000000000000e+02 3.309057646156478598e-04
3.439218750000000000e+02 7.970719252363033707e-04
3.452812500000000000e+02 1.622135409266138367e-03
3.466406250000000000e+02 9.411232077894021372e-03
3.480000000000000000e+02 1.138499479504004666e-02
3.493593750000000000e+02 2.069341265451491232e-03
3.507187500000000000e+02 8.431910870133398420e-03
3.520781250000000000e+02 1.642700636287382622e-04
3.534375000000000000e+02 5.707191684207903355e-03
3.547968750000000000e+02 4.229593959266886787e-05
3.561562500000000000e+02 1.250687533921721777e-04
3.575156250000000000e+02 3.596247670657407112e-03
3.588750000000000000e+02 4.001817186794564586e-03
3.602343750000000000e+02 2.299503192295653409e-03
3.615937500000000000e+02 1.579668744535438554e-02
3.629531250000000000e+02 6.745907907035986022e-03
3.643125000000000000e+02 1.698589026526150061e-04
3.656718750000000000e+02 8.065419491424532031e-03
3.670312500000000000e+02 4.639785802309541289e-03
3.683906250000000000e+02 4.156590156495691343e-03
3.697500000000000000e+02 8.783031741815381863e-03
3.711093750000000000e+02 2.160305415455234619e-04
3.724687500000000000e+02 1.165083125594938446e-03
3.738281250000000000e+02 6.991122546037933407e-03
3.751875000000000000e+02 8.175148724142988765e-03
3.765468750000000000e+02 2.304467197394825459e-02
3.779062500000000000e+02 6.463826792628379371e-03
3.792656250000000000e+02 1.205935742545370670e-02
3.806250000000000000e+02 4.348216604776380251e-03
3.819843750000000000e+02 1.020888269332256848e-02
3.833437500000000000e+02 1.045778964587259705e-02
3.847031250000000000e+02 8.290782061759545841e-04
3.860625000000000000e+02 3.407222262543219051e-03
3.874218750000000000e+02 1.746046765629667707e-02
3.887812500000000000e+02 5.332564691904933228e-03
3.901406250000000000e+02 1.152999481591972936e-03
3.915000000000000000e+02 2.339923018624641415e-02
3.928593750000000000e+02 1.745293294108647350e-02
3.942187500000000000e+02 5.267207581801673991e-03
3.955781250000000000e+02 1.033819690459547580e-02
3.969375000000000000e+02 9.640535487361336607e-04
3.982968750000000000e+02 4.385082410090337447e-04
3.996562500000000000e+02 2.349092537739622035e-03
4.010156250000000000e+02 2.213558386998763783e-03
4.023750000000000000e+02 1.434192225868869330e-03
4.037343750000000000e+02 2.539568238921805377e-03
4.050937500000000000e+02 2.226055752387812864e-02
4.064531250000000000e+02 1.422606035324368995e-02
4.078125000000000000e+02 9.658230871044419172e-03
4.091718750000000000e+02 8.542859474710536374e-03
4.105312500000000000e+02 3.314595761486428122e-02
4.118906250000000000e+02 1.745103699732524329e-03
4.132500000000000000e+02 1.040871197543302316e-03
4.146093750000000000e+02 3.574690841756709200e-03
4.159687500000000000e+02 2.072918046711985304e-02
4.173281250000000000e+02 9.812676410719376255e-03
4.186875000000000000e+02 8.329347305218495409e-03
4.200468750000000000e+02 5.395043717797195354e-03
4.214062500000000000e+02 7.673678578564505082e-03
4.227656250000000000e+02 4.882195686505042681e-03
4.241250000000000000e+02 7.542925337165898303e-03
4.254843750000000000e+02 6.767453679464002086e-03
4.268437500000000000e+02 1.740339086048317552e-02
4.282031250000000000e+02 2.350734048603540446e-02
4.295625000000000000e+02 1.230537780249060104e-02
4.309218750000000000e+02 1.460219926071157012e-02
4.322812500000000000e+02 7.976021689173665857e-03
4.336406250000000000e+02 1.699981752398260770e-02
4.350000000000000000e+02 1.064304040425622776e-03
4.363593750000000000e+02 5.091514871530406980e-03
4.377187500000000000e+02 2.443538040757684687e-02
4.390781250000000000e+02 1.937009744522583728e-03
4.404375000000000000e+02 1.842688158960516286e-03
4.417968750000000000e+02 1.095239171046434243e-02
4.431562500000000000e+02 3.364701779472545860e-03
4.445156250000000000e+02 7.795640040264401570e-03
4.458750000000000000e+02 4.342180072194604850e-04
4.472343750000000000e+02 6.873923634705103244e-03
4.485937500000000000e+02 3.759734601366823779e-04
4.499531250000000000e+02 8.588868867062593102e-03
4.513125000000000000e+02 7.614201689946826362e-03
4.526718750000000000e+02 1.686122049801852280e-03
4.540312500000000000e+02 4.220802795044558027e-03
4.553906250000000000e+02 3.064077888573478806e-03
4.567500000000000000e+02 7.305339462419603580e-03
4.581093750000000000e+02 3.120547039667736101e-03
4.594687500000000000e+02 5.136609049204723075e-03
4.608281250000000000e+02 6.131827154729815182e-03
4.621875000000000000e+02 7.265613678639246988e-03
4.635468750000000000e+02 2.155560408868887039e-03
4.649062500000000000e+02 7.178271825348150025e-03
4.662656250000000000e+02 2.571443456958419360e-02
4.676250000000000000e+02 1.259383537807851408e-02
4.689843750000000000e+02 1.590843668731566421e-02
4.703437500000000000e+02 9.568920285712099669e-03
4.717031250000000000e+02 8.811682527251904831e-03
4.730625000000000000e+02 9.425746143591016285e-03
4.744218750000000000e+02 7.047642036303958767e-03
4.757812500000000000e+02 1.679983078219877274e-02
4.771406250000000000e+02 3.433325737885933437e-03
4.785000000000000000e+02 6.393970255340547873e-03
4.798593750000000000e+02 3.790796439521038844e-03
4.812187500000000000e+02 1.195117764576392010e-02
4.825781250000000000e+02 1.540150339045239826e-02
4.839375000000000000e+02 1.533974902236944632e-02
4.852968750000000000e+02 5.184302998917416673e-03
4.866562500000000000e+02 3.469824482969033081e-03
4.880156250000000000e+02 2.852188123177704007e-03
4.893750000000000000e+02 2.125060367243237353e-02
4.907343750000000000e+02 5.403388347988299055e-03
4.920937500000000000e+02 2.089064737055549691e-03
4.934531250000000000e+02 5.303245126455263629e-03
4.948125000000000000e+02 3.007053940411201151e-03
4.961718750000000000e+02 1.748343661047857892e-02
4.975312500000000000e+02 4.137291594450770264e-03
4.988906250000000000e+02 8.305502417776736146e-03
5.002500000000000000e+02 1.196873241458652586e-02
5.016093750000000000e+02 2.201750817566474304e-03
5.029687500000000000e+02 1.779719822468976524e-03
5.043281250000000000e+02 3.908254392984596148e-03
5.056875000000000000e+02 8.653308254892981902e-03
5.070468750000000000e+02 2.023238519673582823e-04
5.084062500000000000e+02 4.426192265581973748e-03
5.097656250000000000e+02 9.668426979829452747e-03
5.111250000000000000e+02 5.521710301522940283e-03
5.124843750000000000e+02 1.509840153789834523e-03
5.138437500000000000e+02 2.118643144304397860e-02
5.152031250000000000e+02 8.199339684942689305e-03
5.165625000000000000e+02 6.160092899139722571e-03
5.179218750000000000e+02 3.079420294425115612e-03
5.192812500000000000e+02 1.541257596027829392e-03
5.206406250000000000e+02 5.995926255620212010e-03
5.220000000000000000e+02 6.195595544470608278e-03
5.233593750000000000e+02 2.868405511684760445e-05
5.247187500000000000e+02 4.408894607055158753e-03
5.260781250000000000e+02 2.971456750052486515e-04
5.274375000000000000e+02 7.008334605646109397e-03
5.287968750000000000e+02 1.717254577193608536e-02
5.301562500000000000e+02 5.620913662660887702e-04
5.315156250000000000e+02 1.217365779365650776e-03
5.328750000000000000e+02 2.667416938584806375e-03
5.342343750000000000e+02 9.923674494003440968e-03
5.355937500000000000e+02 2.879227319131938585e-03
5.369531250000000000e+02 2.328969398776314231e-03
5.383125000000000000e+02 5.655086950635103762e-04
5.396718750000000000e+02 5.747967925947744435e-05
5.410312500000000000e+02 9.563866434903882732e-03
5.423906250000000000e+02 3.928543677436469386e-04
5.437500000000000000e+02 6.379447591258769487e-04
5.451093750000000000e+02 1.502410299468192288e-02
5.464687500000000000e+02 1.794908715058358972e-02
5.478281250000000000e+02 6.809530880109773525e-03
5.491875000000000000e+02 4.350776397384666615e-03
5.505468750000000000e+02 1.521061202726019549e-03
5.519062500000000000e+02 1.142223985209985795e-03
5.532656250000000000e+02 3.208735382063028670e-03
5.546250000000000000e+02 1.577560984609622553e-03
5.559843750000000000e+02 4.937837884082690344e-04
5.573437500000000000e+02 6.679587468214242185e-04
5.587031250000000000e+02 3.353869567385924910e-03
5.600625000000000000e+02 5.315815788585368656e-03
5.614218750000000000e+02 3.430839016208373816e-03
5.627812500000000000e+02 2.079610884764710593e-02
5.641406250000000000e+02 6.841680758696517227e-03
5.655000000000000000e+02 7.723104301847164184e-03
5.668593750000000000e+02 1.348088246013512750e-02
5.682187500000000000e+02 4.014099864621428412e-03
5.695781250000000000e+02 6.544531937989784935e-03
5.709375000000000000e+02 9.037052718686228864e-03
5.722968750000000000e+02 1.205084650527664912e-02
5.736562500000000000e+02 4.523620172280046030e-03
5.750156250000000000e+02 6.477471199880404165e-03
5.763750000000000000e+02 2.178472197767609021e-03
5.777343750000000000e+02 2.966877528384660387e-02
5.790937500000000000e+02 3.295617438074411199e-03
5.804531250000000000e+02 3.026630155685234008e-03
5.818125000000000000e+02 2.724306700845409435e-02
5.831718750000000000e+02 3.203159167530594559e-03
5.845312500000000000e+02 2.563583545804709075e-03
5.858906250000000000e+02 8.192830309675342565e-03
5.872500000000000000e+02 8.883936840886038147e-03
5.886093750000000000e+02 7.219188562823511401e-03
5.899687500000000000e+02 5.735316715860452365e-03
5.913281250000000000e+02 5.106534636923455717e-02
5.926875000000000000e+02 1.090721359786961733e-03
5.940468750000000000e+02 2.488017380208458387e-03
5.954062500000000000e+02 1.834617200101244143e-03
5.967656250000000000e+02 1.100743796422354309e-04
5.981250000000000000e+02 7.209891977093922655e-03
5.994843750000000000e+02 1.902136105262798871e-07
6.008437500000000000e+02 4.159802493007747765e-02
6.022031250000000000e+02 5.391439242576718735e-04
6.035625000000000000e+02 2.090075786207469619e-03
6.049218750000000000e+02 4.125562163254942703e-03
6.062812500000000000e+02 1.460773412237274110e-02
6.076406250000000000e+02 2.395675736266278302e-03
6.090000000000000000e+02 1.165711065405919920e-02
6.103593750000000000e+02 1.083502829901412251e-02
6.117187500000000000e+02 4.241459621731460961e-03
6.130781250000000000e+02 9.315098495021642555e-03
6.144375000000000000e+02 1.278514760130606241e-02
6.157968750000000000e+02 1.064581886293488027e-03
6.171562500000000000e+02 5.126651909669119843e-03
6.185156250000000000e+02 2.377013003716110448e-02
6.198750000000000000e+02 9.349595410397940065e-03
6.212343750000000000e+02 3.515349249018216021e-02
6.225937500000000000e+02 1.829295657511581519e-02
6.239531250000000000e+02 6.228755819852649367e-02
6.253125000000000000e+02 3.181224113120140196e-02
6.266718750000000000e+02 1.849344523366672211e-02
6.280312500000000000e+02 8.260454281296659984e-03
6.293906250000000000e+02 3.002010830355946163e-03
6.307500000000000000e+02 2.144984265307241407e-03
6.321093750000000000e+02 1.131441190188564697e-04
6.334687500000000000e+02 6.555865343631616347e-03
6.348281250000000000e+02 1.753054002999827540e-02
6.361875000000000000e+02 2.502290117395129798e-02
6.375468750000000000e+02 2.138095330377428119e-03
6.389062500000000000e+02 1.067573978549185565e-02
6.402656250000000000e+02 7.227533064953102319e-03
6.416250000000000000e+02 8.265478595092414296e-03
6.429843750000000000e+02 7.150292477204520623e-03
6.443437500000000000e+02 4.007582521694320540e-03
6.457031250000000000e+02 2.683582448552613783e-02
6.470625000000000000e+02 7.359665876562690098e-03
6.484218750000000000e+02 1.433481665888151034e-02
6.497812500000000000e+02 1.965366657261791508e-02
6.511406250000000000e+02 3.674317009029775486e-03
6.525000000000000000e+02 5.313106966043247732e-03
6.538593750000000000e+02 1.146552730016419394e-03
6.552187500000000000e+02 2.779746825443491377e-03
6.565781250000000000e+02 2.541867901330310472e-03
6.579375000000000000e+02 2.572745149060191795e-04
6.592968750000000000e+02 8.008948734712157541e-03
6.606562500000000000e+02 7.003414618896228010e-03
6.620156250000000000e+02 2.299199321930249854e-03
6.633750000000000000e+02 7.880503313907611784e-04
6.647343750000000000e+02 2.147772618463276301e-03
6.660937500000000000e+02 1.590758834985791029e-02
6.674531250000000000e+02 3.921056358100650932e-04
6.688125000000000000e+02 5.509727566897685766e-03
6.701718750000000000e+02 1.351003468935493834e-02
6.715312500000000000e+02 1.531964363256910905e-02
6.728906250000000000e+02 1.105974392158496668e-02
6.742500000000000000e+02 4.392858973271333671e-03
6.756093750000000000e+02 1.293971273500211898e-02
6.769687500000000000e+02 3.125057784616543707e-03
6.783281250000000000e+02 9.259009327195425604e-03
6.796875000000000000e+02 1.946094121239648131e-02
6.810468750000000000e+02 5.143213277212277217e-03
6.824062500000000000e+02 5.768511562330715450e-03
6.837656250000000000e+02 9.584678254300947609e-03
6.851250000000000000e+02 7.364711151861978201e-03
6.864843750000000000e+02 3.522778691389499839e-02
6.878437500000000000e+02 1.710844966204333462e-02
6.892031250000000000e+02 1.613864188714101561e-02
6.905625000000000000e+02 3.726522888072915135e-04
6.919218750000000000e+02 2.639086254705438287e-04
6.932812500000000000e+02 1.775240686418133942e-02
6.946406250000000000e+02 4.123650846888142485e-03
6.960000000000000000e+02 1.812320713589293808e-02
6.973593750000000000e+02 6.720382537372079565e-03
6.987187500000000000e+02 5.628132894261674360e-03
7.000781250000000000e+02 4.494628194943419558e-03
7.014375000000000000e+02 8.675615994795563002e-03
7.027968750000000000e+02 1.298683897394416545e-02
7.041562500000000000e+02 6.777011577513183428e-03
7.055156250000000000e+02 3.796876038801334785e-03
7.068750000000000000e+02 1.491408897316856552e-02
7.082343750000000000e+02 2.619943343896434019e-04
7.095937500000000000e+02 2.104538795563046585e-02
7.109531250000000000e+02 2.104168515102084939e-05
7.123125000000000000e+02 5.225247527714096084e-03
7.136718750000000000e+02 1.808960832257111573e-02
7.150312500000000000e+02 1.222859765776976651e-02
7.163906250000000000e+02 1.157871281605428633e-02
7.177500000000000000e+02 4.176104673009475333e-03
7.191093750000000000e+02 3.045241644489737366e-03
7.204687500000000000e+02 1.213427913470004754e-02
7.218281250000000000e+02 1.865406043437923406e-03
7.231875000000000000e+02 5.351730709021036182e-03
7.245468750000000000e+02 1.554475727747742057e-02
7.259062500000000000e+02 4.549246460448162950e-03
7.272656250000000000e+02 5.305919379650331225e-03
7.286250000000000000e+02 1.063982367592643166e-03
7.299843750000000000e+02 6.398663342229929905e-03
7.313437500000000000e+02 8.516632279445299908e-03
7.327031250000000000e+02 3.734470865747963812e-04
7.340625000000000000e+02 2.832035189815196221e-03
7.354218750000000000e+02 1.194647305510176906e-03
7.367812500000000000e+02 2.166783734530668311e-03
7.381406250000000000e+02 3.551343945039037251e-03
7.395000000000000000e+02 9.221926264890002809e-04
7.408593750000000000e+02 2.507597918154718178e-02
7.422187500000000000e+02 1.120449974039619198e-02
7.435781250000000000e+02 4.276742457681610536e-03
7.449375000000000000e+02 2.394337447339650593e-02
7.462968750000000000e+02 2.921210071043409909e-03
7.476562500000000000e+02 2.129177439446705480e-03
7.490156250000000000e+02 6.673219804995494941e-03
7.503750000000000000e+02 4.883184675440568542e-03
7.517343750000000000e+02 4.107306359551605307e-03
7.530937500000000000e+02 1.333231162288128768e-02
7.544531250000000000e+02 3.366743121157091470e-03
7.558125000000000000e+02 1.334422751799958047e-03
7.571718750000000000e+02 7.384340965581849374e-03
7.585312500000000000e+02 9.636513023608470410e-03
7.598906250000000000e+02 2.118363435421826216e-02
7.612500000000000000e+02 4.254814323725235325e-02
7.626093750000000000e+02 3.334411241573614969e-04
7.639687500000000000e+02 3.432880051977663192e-03
7.653281250000000000e+02 2.508144794787993750e-02
7.666875000000000000e+02 3.022118747433314746e-03
7.680468750000000000e+02 6.196611085709504904e-03
7.694062500000000000e+02 1.150753121417679228e-02
7.707656250000000000e+02 1.678371083535276642e-02
7.721250000000000000e+02 2.776626561175309701e-03
7.734843750000000000e+02 2.334027390237589767e-04
7.748437500000000000e+02 8.832057586231081836e-03
7.762031250000000000e+02 2.136675279152719029e-02
7.775625000000000000e+02 3.536763861783312306e-03
7.789218750000000000e+02 6.349267008523077661e-03
7.802812500000000000e+02 6.806222014311168363e-03
7.816406250000000000e+02 1.660721258074579487e-04
7.830000000000000000e+02 1.815800391629191282e-02
7.843593750000000000e+02 4.895850159552858974e-03
7.857187500000000000e+02 1.128410030310213197e-02
7.870781250000000000e+02 2.545573453443507545e-04
7.884375000000000000e+02 6.636153026242017777e-03
7.897968750000000000e+02 2.342036283020868925e-03
7.911562500000000000e+02 2.384549692728914292e-03
7.925156250000000000e+02 1.786525538869443083e-02
7.938750000000000000e+02 1.076661642124303320e-02
7.952343750000000000e+02 3.903880212983357385e-04
7.965937500000000000e+02 4.839242063799509622e-03
7.979531250000000000e+02 2.448439084968460563e-02
7.993125000000000000e+02 3.009552896247331098e-03
8.006718750000000000e+02 1.756748534551276150e-02
8.020312500000000000e+02 3.266026832314615231e-03
8.033906250000000000e+02 1.186785519061987933e-04
8.047500000000000000e+02 1.202768028696320630e-04
8.061093750000000000e+02 6.162439392773461783e-02
8.074687500000000000e+02 6.514539399711912621e-03
8.088281250000000000e+02 5.533040880135188175e-03
8.101875000000000000e+02 6.730906730463510901e-03
8.115468750000000000e+02 8.045725139749850680e-03
8.129062500000000000e+02 2.142027938273252836e-03
8.142656250000000000e+02 1.007798835820870268e-03
8.156250000000000000e+02 8.479491417090248215e-03
8.169843750000000000e+02 1.846544501885368644e-02
8.183437500000000000e+02 2.166699225819581492e-02
8.197031250000000000e+02 3.184444642349271853e-02
8.210625000000000000e+02 1.014821147928555859e-03
8.224218750000000000e+02 2.152381895588478117e-02
8.237812500000000000e+02 3.288279940006212480e-03
8.251406250000000000e+02 3.737784608306363252e-03
8.265000000000000000e+02 2.940201497665850296e-03
8.278593750000000000e+02 5.848808839741150359e-03
8.292187500000000000e+02 2.405549404868570842e-02
8.305781250000000000e+02 1.401443444370224084e-02
8.319375000000000000e+02 7.130826154957698414e-03
8.332968750000000000e+02 1.753787394940872768e-02
8.346562500000000000e+02 1.203165429771550603e-02
8.360156250000000000e+02 1.262171380081163370e-02
8.373750000000000000e+02 6.246212838456314913e-03
8.387343750000000000e+02 8.644958124823293524e-03
8.400937500000000000e+02 4.593126481324706113e-03
8.414531250000000000e+02 4.828091693327759421e-04
8.428125000000000000e+02 4.827525301168172044e-03
8.441718750000000000e+02 7.115364286668275813e-03
8.455312500000000000e+02 2.220082368142238874e-03
8.468906250000000000e+02 2.862231517178285244e-03
8.482500000000000000e+02 7.570679481846500497e-03
8.496093750000000000e+02 9.620076714784670663e-03
8.509687500000000000e+02 1.398438761370669227e-02
8.523281250000000000e+02 7.730700080289647398e-03
8.536875000000000000e+02 1.047495810538716723e-03
8.550468750000000000e+02 2.946341095376250625e-03
8.564062500000000000e+02 2.242369973899351922e-03
8.577656250000000000e+02 6.840871729297368260e-03
8.591250000000000000e+02 5.459701630099338121e-03
8.604843750000000000e+02 4.287206486934574262e-03
8.618437500000000000e+02 2.039832706909011986e-02
8.632031250000000000e+02 5.331654353031065226e-03
8.645625000000000000e+02 9.810198605093483140e-03
8.659218750000000000e+02 1.551502431132877405e-02
8.672812500000000000e+02 4.071253974382854288e-03
8.686406250000000000e+02 4.568459454537409856e-03
8.700000000000000000e+02 6.497451312127111057e-03
8.713593750000000000e+02 6.409839256289456312e-03
8.727187500000000000e+02 3.467616026900379594e-02
8.740781250000000000e+02 1.255901161398569228e-03
8.754375000000000000e+02 2.058411723923554704e-02
8.767968750000000000e+02 1.115110381410224470e-02
8.781562500000000000e+02 3.408999751005789038e-03
8.795156250000000000e+02 1.261441672749197144e-03
8.808750000000000000e+02 2.057376160547017170e-04
8.822343750000000000e+02 1.196406564529878692e-03
8.835937500000000000e+02 7.122209058034668222e-03
8.849531250000000000e+02 3.267938271734036927e-04
8.863125000000000000e+02 1.912518542210089878e-02
8.876718750000000000e+02 1.196402925968644178e-02
8.890312500000000000e+02 1.501948043022381836e-02
8.903906250000000000e+02 4.095495546465374899e-03
8.917500000000000000e+02 5.645448440221328967e-03
8.931093750000000000e+02 6.216305251787045301e-03
8.944687500000000000e+02 3.547495153348102781e-03
8.958281250000000000e+02 3.356919102977527769e-02
8.971875000000000000e+02 1.214874990008165193e-03
8.985468750000000000e+02 5.753145231216823773e-03
8.999062500000000000e+02 8.545009539869178120e-03
9.012656250000000000e+02 1.057376915356649481e-02
9.026250000000000000e+02 1.313415998557558540e-03
9.039843750000000000e+02 1.528947523438926599e-04
9.053437500000000000e+02 2.227124237121302659e-03
9.067031250000000000e+02 1.950132389873719674e-02
9.080625000000000000e+02 1.343739640712646698e-02
9.094218750000000000e+02 5.297015507765154979e-03
9.107812500000000000e+02 1.773746352749032765e-02
9.121406250000000000e+02 4.269426330034850788e-03
9.135000000000000000e+02 1.543662140729634008e-03
9.148593750000000000e+02 2.850420584157805151e-02
9.162187500000000000e+02 6.209896192698791291e-03
9.175781250000000000e+02 1.020791780823613291e-02
9.189375000000000000e+02 6.319927644441308834e-04
9.202968750000000000e+02 1.616116698720898321e-03
9.216562500000000000e+02 1.190834691733095706e-03
9.230156250000000000e+02 2.026930508968893471e-02
9.243750000000000000e+02 4.414508066904507255e-03
9.257343750000000000e+02 9.777362489687460231e-03
9.270937500000000000e+02 2.323868627373319295e-03
9.284531250000000000e+02 1.598120565027386780e-02
9.298125000000000000e+02 1.735206546617060197e-03
9.311718750000000000e+02 1.194894057396048842e-02
9.325312500000000000e+02 2.643293582428983546e-02
9.338906250000000000e+02 6.308382755531962045e-03
9.352500000000000000e+02 4.371679049887182769e-03
9.366093750000000000e+02 4.184620136690755943e-03
9.379687500000000000e+02 1.306297449382827144e-02
9.393281250000000000e+02 1.594296761574201873e-02
9.406875000000000000e+02 1.639486930776142687e-03
9.420468750000000000e+02 1.094411904948228501e-02
9.434062500000000000e+02 2.142340513782353857e-03
9.447656250000000000e+02 4.493782661292702874e-03
9.461250000000000000e+02 2.064470516401870764e-02
9.474843750000000000e+02 6.898892178311651253e-03
9.488437500000000000e+02 9.249638628361308429e-03
9.502031250000000000e+02 1.405098080236272511e-03
9.515625000000000000e+02 5.843436243617509442e-03
9.529218750000000000e+02 8.998378604804546307e-03
9.542812500000000000e+02 6.778710596291788806e-03
9.556406250000000000e+02 8.833427559182886984e-05
9.570000000000000000e+02 8.803204790227139170e-03
9.583593750000000000e+02 1.363095164867687489e-02
9.597187500000000000e+02 6.318680303813092002e-03
9.610781250000000000e+02 3.890651956094187073e-03
9.624375000000000000e+02 5.561284675011899346e-03
9.637968750000000000e+02 1.094081339731842054e-03
9.651562500000000000e+02 1.542799652817140052e-03
9.665156250000000000e+02 1.202434156952702539e-02
9.678750000000000000e+02 4.123424916184835996e-03
9.692343750000000000e+02 1.975157407017022471e-02
9.705937500000000000e+02 8.528109452569852117e-03
9.719531250000000000e+02 8.237956758480883407e-03
9.733125000000000000e+02 1.812961341495906292e-02
9.746718750000000000e+02 3.084233977092998118e-03
9.760312500000000000e+02 1.271688013126820969e-02
9.773906250000000000e+02 3.184353217954587201e-02
9.787500000000000000e+02 5.351475151732813448e-04
9.801093750000000000e+02 1.392863965612120255e-03
9.814687500000000000e+02 1.346210163135868124e-03
9.828281250000000000e+02 2.632599163982063829e-03
9.841875000000000000e+02 4.005345589588279673e-03
9.855468750000000000e+02 1.364983794575144564e-03
9.869062500000000000e+02 1.035724696884726161e-02
9.882656250000000000e+02 8.458291610509621533e-04
9.896250000000000000e+02 4.902800686610871150e-03
9.909843750000000000e+02 1.781044404228814687e-02
9.923437500000000000e+02 3.781956560341832342e-03
9.937031250000000000e+02 1.883254182817452804e-03
9.950625000000000000e+02 9.406658893979031461e-03
9.964218750000000000e+02 2.296835603053392922e-03
9.977812500000000000e+02 3.550463153873128445e-03
9.991406250000000000e+02 3.824149701193306321e-03
1.000500000000000000e+03 3.632331465611969915e-03
1.001859375000000000e+03 2.353416418185327180e-03
1.003218750000000000e+03 3.395570069984923771e-03
1.004578125000000000e+03 2.270554135531270871e-04
1.005937500000000000e+03 2.677375445364252315e-02
1.007296875000000000e+03 5.305873154109515960e-03
1.008656250000000000e+03 1.393963059592943660e-03
1.010015625000000000e+03 1.102074928392517356e-03
1.011375000000000000e+03 1.261084036560459684e-02
1.012734375000000000e+03 1.726783757685668511e-02
1.014093750000000000e+03 1.618872149597705467e-03
1.015453125000000000e+03 8.872586451461571266e-03
1.016812500000000000e+03 3.614487813558316196e-03
1.018171875000000000e+03 1.648857652758757954e-03
1.019531250000000000e+03 6.829178237291377504e-03
1.020890625000000000e+03 1.091772406065929374e-02
1.022250000000000000e+03 4.945663345950718041e-03
1.023609375000000000e+03 3.219210863383240723e-02
1.024968750000000000e+03 9.536418363797793604e-03
1.026328125000000000e+03 2.360785721800262235e-02
1.027687500000000000e+03 2.762123508134619026e-03
1.029046875000000000e+03 1.857913442063354554e-03
1.030406250000000000e+03 1.400499359583191883e-02
1.031765625000000000e+03 5.431878069591049296e-03
1.033125000000000000e+03 3.406184160414329424e-03
1.034484375000000000e+03 6.153292969802751870e-04
1.035843750000000000e+03 2.384652942687352783e-02
1.037203125000000000e+03 1.260392443428392899e-03
1.038562500000000000e+03 4.296287741221838444e-03
1.039921875000000000e+03 2.328038701533079288e-04
1.041281250000000000e+03 2.179046218297972862e-02
1.042640625000000000e+03 7.367862582035685469e-03
1.044000000000000000e+03 4.444533622098535697e-02
1.045359375000000000e+03 2.678345091779939235e-02
1.046718750000000000e+03 1.723631642389757915e-03
1.048078125000000000e+03 1.224713156357451179e-03
1.049437500000000000e+03 1.746650203161168805e-04
1.050796875000000000e+03 3.603107822546295757e-03
1.052156250000000000e+03 1.048018610196687836e-03
1.053515625000000000e+03 9.344131847430103832e-03
1.054875000000000000e+03 1.002434473191036839e-02
1.056234375000000000e+03 1.448728821714578580e-03
1.057593750000000000e+03 2.110510294666581230e-02
1.058953125000000000e+03 7.357874749455862312e-03
1.060312500000000000e+03 1.216958497184173968e-02
1.061671875000000000e+03 2.826553052884542760e-04
1.063031250000000000e+03 8.234694340603272017e-03
1.064390625000000000e+03 1.240540349324718503e-02
1.065750000000000000e+03 9.602094708650194335e-03
1.067109375000000000e+03 1.154261757331379902e-02
1.068468750000000000e+03 2.101271992984534223e-02
1.069828125000000000e+03 4.181057519196999805e-03
1.071187500000000000e+03 9.958698417023562803e-05
1.072546875000000000e+03 1.139826936542401477e-02
1.073906250000000000e+03 1.283392845556659148e-03
1.075265625000000000e+03 6.074099447997775500e-03
1.076625000000000000e+03 3.274665923937943469e-03
1.077984375000000000e+03 1.591169927906417939e-02
1.079343750000000000e+03 1.260986093960531421e-02
1.080703125000000000e+03 9.610546002921844383e-03
1.082062500000000000e+03 1.428166777142078452e-02
1.083421875000000000e+03 5.377977910543185270e-04
1.084781250000000000e+03 5.016883597912881292e-03
1.086140625000000000e+03 1.013957116241933623e-03
1.087500000000000000e+03 1.084055123917812292e-04
1.088859375000000000e+03 2.142984402339039376e-03
1.090218750000000000e+03 1.446972138035501967e-02
1.091578125000000000e+03 2.474517452314107385e-02
1.092937500000000000e+03 4.055142783060640931e-03
1.094296875000000000e+03 9.264916005815623801e-03
1.095656250000000000e+03 4.404946232032967354e-03
1.097015625000000000e+03 4.752924291453860454e-04
1.098375000000000000e+03 2.236291916267419203e-02
1.099734375000000000e+03 7.904167694116120621e-03
1.101093750000000000e+03 1.271298321014818419e-02
1.102453125000000000e+03 1.023708958133408894e-03
1.103812500000000000e+03 1.926009897977142525e-03
1.105171875000000000e+03 1.554751655101405811e-02
1.106531250000000000e+03 3.737202594638455028e-03
1.107890625000000000e+03 1.781844763236743387e-02
1.109250000000000000e+03 1.771485969549588344e-03
1.110609375000000000e+03 6.174069300037519047e-03
1.111968750000000000e+03 8.648704692690184839e-03
1.113328125000000000e+03 8.535246456794937401e-04
1.114687500000000000e+03 2.319452254914824551e-03
1.116046875000000000e+03 1.372638187887819262e-03
1.117406250000000000e+03 7.996031433465861961e-04
1.118765625000000000e+03 8.202791645967691739e-03
1.120125000000000000e+03 1.307549987777411596e-03
1.121484375000000000e+03 5.377237644413015126e-03
1.122843750000000000e+03 4.604599211968067249e-03
1.124203125000000000e+03 1.545105146398332002e-03
1.125562500000000000e+03 1.211615091952261865e-02
1.126921875000000000e+03 1.406833348674520721e-02
1.128281250000000000e+03 4.302238116287155148e-03
1.129640625000000000e+03 4.397825611790460613e-05
1.131000000000000000e+03 8.856425952971048662e-03
1.132359375000000000e+03 2.219191946289584758e-02
1.133718750000000000e+03 3.149817796905445694e-02
1.135078125000000000e+03 8.327251710152118458e-03
1.136437500000000000e+03 9.342366588024659732e-03
1.137796875000000000e+03 1.055934867434333950e-02
1.139156250000000000e+03 5.414359612138095953e-03
1.140515625000000000e+03 1.001884746618588937e-02
1.141875000000000000e+03 1.565463309449594692e-02
1.143234375000000000e+03 7.018051453875597673e-03
1.144593750000000000e+03 1.273661349158699413e-02
1.145953125000000000e+03 9.086314628795132131e-03
1.147312500000000000e+03 6.643542858056978445e-03
1.148671875000000000e+03 2.233692413837836191e-02
1.150031250000000000e+03 4.472590948350929282e-03
1.151390625000000000e+03 1.351375007720800490e-03
1.152750000000000000e+03 3.086521813686806358e-03
1.154109375000000000e+03 6.389607211068872722e-03
1.155468750000000000e+03 7.060530091881058942e-04
1.156828125000000000e+03 2.120835497855738140e-03
1.158187500000000000e+03 2.801198687665326648e-02
1.159546875000000000e+03 5.466213103333636067e-03
1.160906250000000000e+03 3.796091590692274309e-03
1.162265625000000000e+03 6.467305901188648894e-04
1.163625000000000000e+03 3.897647650363267866e-04
1.164984375000000000e+03 8.957669370262247646e-03
1.166343750000000000e+03 1.285365096730208857e-02
1.167703125000000000e+03 1.445161389460851258e-02
1.169062500000000000e+03 2.778025170942844454e-03
1.170421875000000000e+03 1.247723808453877169e-02
1.171781250000000000e+03 1.040132417036480558e-02
1.173140625000000000e+03 1.049980026533250911e-03
1.174500000000000000e+03 1.540794766680152542e-02
1.175859375000000000e+03 1.667488102839519842e-02
1.177218750000000000e+03 2.462586742335366361e-04
1.178578125000000000e+03 3.370678944261033295e-03
1.179937500000000000e+03 3.443314389083839203e-03
1.181296875000000000e+03 2.781451209704235202e-03
1.182656250000000000e+03 5.428833542725903377e-03
1.184015625000000000e+03 6.146843743403154064e-03
1.185375000000000000e+03 1.891407612321054435e-02
1.186734375000000000e+03 6.081282356582329122e-03
1.188093750000000000e+03 2.810087543407565822e-02
1.189453125000000000e+03 1.761696945387664082e-03
1.190812500000000000e+03 1.391490467720089223e-03
1.192171875000000000e+03 4.121594889746683574e-03
1.193531250000000000e+03 2.976999850201681765e-03
1.194890625000000000e+03 9.858780805759631907e-03
1.196250000000000000e+03 2.968370710170133327e-03
1.197609375000000000e+03 3.861159839430979880e-03
1.198968750000000000e+03 1.489012952938891920e-03
1.200328125000000000e+03 1.155506797720160048e-03
1.201687500000000000e+03 1.474801421602159844e-03
1.203046875000000000e+03 2.791080442329389733e-03
1.204406250000000000e+03 2.154165387879501074e-03
1.205765625000000000e+03 7.193756131067312320e-03
1.207125000000000000e+03 3.857701219607272743e-03
1.208484375000000000e+03 2.315486282980991350e-02
1.209843750000000000e+03 8.295441040990891857e-03
1.211203125000000000e+03 1.138161666277551741e-02
1.212562500000000000e+03 3.413509525937884290e-03
1.213921875000000000e+03 2.665572431310493998e-02
1.215281250000000000e+03 2.482365381343914178e-03
1.216640625000000000e+03 7.885416395164705772e-03
1.218000000000000000e+03 8.435311000410959702e-04
1.219359375000000000e+03 9.417487445975229396e-03
1.220718750000000000e+03 2.295051763384612243e-03
1.222078125000000000e+03 9.189514167160026462e-03
1.223437500000000000e+03 3.190261730596518405e-03
1.224796875000000000e+03 8.501962403966738593e-03
1.226156250000000000e+03 2.707246273853997423e-02
1.227515625000000000e+03 2.634892616392338002e-03
1.228875000000000000e+03 2.655610852080944953e-03
1.230234375000000000e+03 1.637078009094331335e-03
1.231593750000000000e+03 8.104380988882175368e-03
1.232953125000000000e+03 5.884823806917270243e-05
1.234312500000000000e+03 1.173207686179218202e-02
1.235671875000000000e+03 1.137915343827394267e-02
1.237031250000000000e+03 8.314074489030055456e-03
1.238390625000000000e+03 6.269721282607544806e-03
1.239750000000000000e+03 5.340046541250718926e-03
1.241109375000000000e+03 1.810266917082611069e-03
1.242468750000000000e+03 3.040609701136775807e-04
1.243828125000000000e+03 2.232200308935536684e-02
1.245187500000000000e+03 1.272152978684452408e-02
1.246546875000000000e+03 3.634754543404290338e-03
1.247906250000000000e+03 6.495218208530613435e-03
1.249265625000000000e+03 2.230626735116627082e-02
1.250625000000000000e+03 1.171129016310697504e-02
1.251984375000000000e+03 3.917354042426361531e-03
1.253343750000000000e+03 1.544200950130112521e-03
1.254703125000000000e+03 1.535829299220305708e-03
1.256062500000000000e+03 2.599783530844727159e-02
1.257421875000000000e+03 3.563692617735141066e-02
1.258781250000000000e+03 1.163762006309388601e-03
1.260140625000000000e+03 2.762997102219530259e-03
1.261500000000000000e+03 8.700748569649549222e-03
1.262859375000000000e+03 6.480678515749258538e-03
1.264218750000000000e+03 6.220289707270366779e-03
1.265578125000000000e+03 1.958868209669261827e-04
1.266937500000000000e+03 1.059819758106483704e-02
1.268296875000000000e+03 2.345451433899444881e-04
1.269656250000000000e+03 2.944498453899810678e-04
1.271015625000000000e+03 8.427108020899824184e-04
1.272375000000000000e+03 9.329026688029023323e-03
1.273734375000000000e+03 3.470276804474825734e-03
1.275093750000000000e+03 9.252137201423833029e-03
1.276453125000000000e+03 2.776254537817488596e-03
1.277812500000000000e+03 1.312501507294333916e-02
1.279171875000000000e+03 3.079789052403662450e-03
1.280531250000000000e+03 2.661967571860703648e-03
1.281890625000000000e+03 1.446402413541578690e-02
1.283250000000000000e+03 1.903776872098915688e-03
1.284609375000000000e+03 1.360981918226657292e-03
1.285968750000000000e+03 1.092661896980964310e-02
1.287328125000000000e+03 9.331964518630116168e-03
1.288687500000000000e+03 9.753933688350684833e-03
1.290046875000000000e+03 9.245525658868009727e-03
1.291406250000000000e+03 2.076033699511874338e-03
1.292765625000000000e+03 2.095015199532708830e-02
1.294125000000000000e+03 1.348501098735759192e-02
1.295484375000000000e+03 5.988484240312329579e-03
1.296843750000000000e+03 1.042589820321997672e-02
1.298203125000000000e+03 2.154566578244746303e-02
1.299562500000000000e+03 8.428072531471493545e-03
1.300921875000000000e+03 1.172256577094090910e-02
1.302281250000000000e+03 7.251408876570645916e-03
1.303640625000000000e+03 2.084655816077948202e-03
1.305000000000000000e+03 1.143586691219634389e-02
1.306359375000000000e+03 3.311234198163066824e-03
1.307718750000000000e+03 9.297934553861740212e-03
1.309078125000000000e+03 5.574088709945634011e-03
1.310437500000000000e+03 5.758952250944005501e-03
1.311796875000000000e+03 1.967993558991534830e-02
1.313156250000000000e+03 1.741248972794272321e-02
1.314515625000000000e+03 4.339773744797972648e-04
1.315875000000000000e+03 6.270602193091903047e-04
1.317234375000000000e+03 2.458886118360096868e-03
1.318593750000000000e+03 2.846570369863803129e-02
1.319953125000000000e+03 1.713264699833737942e-02
1.321312500000000000e+03 4.463973867768076566e-03
1.322671875000000000e+03 8.539999220524212981e-03
1.324031250000000000e+03 1.673145612297965990e-02
1.325390625000000000e+03 1.289934618720686710e-02
1.326750000000000000e+03 1.384874527558517185e-02
1.328109375000000000e+03 1.408875704528699153e-02
1.329468750000000000e+03 2.185129405874064804e-02
1.330828125000000000e+03 2.087314215926085181e-02
1.332187500000000000e+03 1.292976881356649056e-03
1.333546875000000000e+03 2.060241032678144894e-03
1.334906250000000000e+03 4.893766817623982496e-02
1.336265625000000000e+03 4.649633222855852933e-03
1.337625000000000000e+03 5.018789079860250420e-03
1.338984375000000000e+03 3.762336727131344871e-02
1.340343750000000000e+03 5.066089097284525236e-03
1.341703125000000000e+03 2.710979258024894933e-03
1.343062500000000000e+03 2.820082631453035924e-03
1.344421875000000000e+03 5.635447474014130056e-03
1.345781250000000000e+03 1.488178760998236372e-02
1.347140625000000000e+03 3.037089372749148149e-03
1.348500000000000000e+03 4.536289349172660176e-03
1.349859375000000000e+03 3.376689225377311424e-03
1.351218750000000000e+03 8.353872290147813795e-03
1.352578125000000000e+03 1.968355577397785591e-03
1.353937500000000000e+03 2.168781719396510946e-02
1.355296875000000000e+03 1.316893418303833599e-03
1.356656250000000000e+03 1.388704569612709367e-03
1.358015625000000000e+03 9.387316942762508401e-03
1.359375000000000000e+03 6.421120744125988038e-03
1.360734375000000000e+03 1.721319065107401042e-03
1.362093750000000000e+03 4.352713619179326976e-03
1.363453125000000000e+03 8.648144697996631384e-04
1.364812500000000000e+03 2.912568942437312146e-03
1.366171875000000000e+03 5.407346062417503832e-03
1.367531250000000000e+03 8.784794743941721010e-03
1.368890625000000000e+03 1.569290610492567878e-02
1.370250000000000000e+03 4.983569634933857420e-03
1.371609375000000000e+03 4.542834901667157539e-03
1.372968750000000000e+03 8.510615721916362647e-03
1.374328125000000000e+03 1.481372428615395623e-04
1.375687500000000000e+03 7.863919320371910238e-04
1.377046875000000000e+03 1.477150073399688748e-02
1.378406250000000000e+03 2.310682572811513860e-02
1.379765625000000000e+03 1.613764260355464789e-02
1.381125000000000000e+03 5.906939151936064364e-03
1.382484375000000000e+03 2.782568141314167420e-03
1.383843750000000000e+03 1.094226198678504430e-02
1.385203125000000000e+03 4.666111185688811246e-03
1.386562500000000000e+03 4.309257793455015598e-03
1.387921875000000000e+03 3.914224237150725275e-03
1.389281250000000000e+03 1.082728551728455056e-03
1.390640625000000000e+03 6.049807162555275158e-04
1.392000000000000000e+03 1.764578589554131188e-02
1.393359375000000000e+03 1.673689848759678765e-03
1.394718750000000000e+03 1.103493157736677721e-02
1.396078125000000000e+03 2.409335925290108284e-03
1.397437500000000000e+03 1.345657664353274970e-03
1.398796875000000000e+03 5.602764000528962819e-03
1.400156250000000000e+03 1.210820161874662237e-02
1.401515625000000000e+03 3.083305575192173825e-02
1.402875000000000000e+03 1.036082504771074393e-02
1.404234375000000000e+03 5.739746649462996184e-04
1.405593750000000000e+03 6.349426455885198110e-04
1.406953125000000000e+03 2.288854647249978849e-02
1.408312500000000000e+03 8.422489920690001686e-03
1.409671875000000000e+03 6.923076251809133670e-03
1.411031250000000000e+03 2.810800435471693878e-03
1.412390625000000000e+03 1.350188015451248350e-03
1.413750000000000000e+03 3.788760187895449157e-03
1.415109375000000000e+03 1.226728976176005327e-03
1.416468750000000000e+03 1.920156520386347631e-03
1.417828125000000000e+03 8.970193308449076613e-03
1.419187500000000000e+03 1.923006368864118784e-02
1.420546875000000000e+03 3.190663813078131131e-03
1.421906250000000000e+03 1.442996101367085291e-03
1.423265625000000000e+03 5.389168611775914386e-03
1.424625000000000000e+03 1.907862449319127490e-02
1.425984375000000000e+03 1.315674386803936287e-03
1.427343750000000000e+03 4.094674243479512130e-03
1.428703125000000000e+03 3.805479279638190274e-03
1.430062500000000000e+03 4.097104830056215344e-04
1.431421875000000000e+03 5.454448387372206990e-03
1.432781250000000000e+03 6.816425674127636614e-03
1.434140625000000000e+03 2.857419319958084958e-02
1.435500000000000000e+03 1.646005821542767533e-02
1.436859375000000000e+03 1.282658069286618345e-02
1.438218750000000000e+03 4.578638245605957773e-03
1.439578125000000000e+03 1.802183767962260849e-04
1.440937500000000000e+03 2.910142353210379458e-03
1.442296875000000000e+03 3.181354594573090801e-03
1.443656250000000000e+03 1.074575080452742568e-02
1.445015625000000000e+03 6.897090083798063792e-03
1.446375000000000000e+03 2.264321850659486123e-03
1.447734375000000000e+03 2.027520873540773674e-03
1.449093750000000000e+03 1.929679213822600150e-03
1.450453125000000000e+03 9.092995202327428667e-03
1.451812500000000000e+03 2.543461048634895489e-03
1.453171875000000000e+03 6.915508097952218283e-03
1.454531250000000000e+03 8.568358633903294316e-03
1.455890625000000000e+03 6.392164370949163189e-04
1.457250000000000000e+03 1.564224072397345580e-02
1.458609375000000000e+03 6.089076246338936786e-03
1.459968750000000000e+03 1.249050443792142778e-02
1.461328125000000000e+03 1.366018599326197921e-03
1.462687500000000000e+03 1.471406439842803211e-03
1.464046875000000000e+03 6.583090874941295405e-03
1.465406250000000000e+03 2.488627536470888052e-02
1.466765625000000000e+03 5.735407484494066052e-03
1.468125000000000000e+03 8.499578264318387311e-03
1.469484375000000000e+03 1.999272998265314710e-02
1.470843750000000000e+03 1.019063228935325645e-02
1.472203125000000000e+03 7.085249676364652714e-03
1.473562500000000000e+03 3.898147685079873283e-04
1.474921875000000000e+03 2.018846420676256512e-02
1.476281250000000000e+03 4.504437294603771090e-03
1.477640625000000000e+03 5.790460825001025186e-02
1.479000000000000000e+03 3.948459306926289242e-02
1.480359375000000000e+03 1.363241366720201186e-02
1.481718750000000000e+03 3.779074057125609686e-03
1.483078125000000000e+03 1.544152422839702513e-02
1.484437500000000000e+03 8.003526902509730534e-03
1.485796875000000000e+03 1.117525367040419527e-02
1.487156250000000000e+03 1.953363342162772048e-02
1.488515625000000000e+03 1.156687400823902534e-02
1.489875000000000000e+03 3.447020256064066510e-03
1.491234375000000000e+03 1.250816053193762149e-02
1.492593750000000000e+03 1.386821903790382698e-02
1.493953125000000000e+03 1.506105440194957946e-03
1.495312500000000000e+03 6.140010223433813551e-04
1.496671875000000000e+03 4.554392407684243992e-03
1.498031250000000000e+03 8.122652096141635405e-04
1.499390625000000000e+03 1.556193743983193094e-02
1.500750000000000000e+03 9.771012461966958104e-04
1.502109375000000000e+03 5.892784462607044554e-03
1.503468750000000000e+03 7.246888344132788179e-03
1.504828125000000000e+03 9.748420207829082331e-04
1.506187500000000000e+03 3.357486461014412213e-03
1.507546875000000000e+03 2.406530272618290938e-04
1.508906250000000000e+03 1.492925485462932422e-03
1.510265625000000000e+03 6.349161811271825627e-03
1.511625000000000000e+03 9.324586982588721051e-04
1.512984375000000000e+03 2.932760380110515513e-02
1.514343750000000000e+03 2.026580584762177530e-03
1.515703125000000000e+03 1.669703534267230616e-02
1.517062500000000000e+03 1.108471528018346690e-03
1.518421875000000000e+03 2.594190664358544951e-02
1.519781250000000000e+03 3.743331319526350953e-02
1.521140625000000000e+03 4.785036922234391608e-03
1.522500000000000000e+03 5.106721711734893074e-03
1.523859375000000000e+03 9.110415737407654216e-03
1.525218750000000000e+03 8.912916121401871089e-03
1.526578125000000000e+03 2.065205829804779222e-03
1.527937500000000000e+03 3.289338832387210532e-03
1.529296875000000000e+03 1.716415512655803874e-02
1.530656250000000000e+03 6.442577109359096110e-03
1.532015625000000000e+03 5.022597335069693518e-03
1.533375000000000000e+03 1.034983442781496100e-03
1.534734375000000000e+03 1.840223636398782402e-03
1.536093750000000000e+03 1.746529234566738045e-02
1.537453125000000000e+03 6.507508075465973270e-03
1.538812500000000000e+03 3.837467262649478517e-02
1.540171875000000000e+03 1.113740420647501769e-02
1.541531250000000000e+03 3.068094953547757450e-02
1.542890625000000000e+03 6.236221950522180188e-03
1.544250000000000000e+03 4.171224018445534448e-03
1.545609375000000000e+03 1.542193226924436786e-03
1.546968750000000000e+03 4.321712764724671731e-03
1.548328125000000000e+03 1.448576494321739822e-03
1.549687500000000000e+03 1.270385383523403534e-03
1.551046875000000000e+03 9.363079903056428094e-03
1.552406250000000000e+03 1.172329484160955851e-02
1.553765625000000000e+03 7.717143386762748657e-03
1.555125000000000000e+03 1.881570718981209799e-03
1.556484375000000000e+03 5.761462883277590138e-03
1.557843750000000000e+03 1.974483215121998741e-03
1.559203125000000000e+03 1.515389028341971147e-03
1.560562500000000000e+03 2.343928573625626496e-02
1.561921875000000000e+03 6.396884224984685646e-03
1.563281250000000000e+03 5.622511763036936762e-03
1.564640625000000000e+03 3.732564659396157142e-02
1.566000000000000000e+03 1.246395546416443484e-02
1.567359375000000000e+03 3.408909809927768413e-03
1.568718750000000000e+03 6.834679327862408851e-03
1.570078125000000000e+03 8.438810423318014037e-03
1.571437500000000000e+03 2.283859337370139006e-02
1.572796875000000000e+03 2.264832683383762729e-02
1.574156250000000000e+03 1.699557635839548742e-03
1.575515625000000000e+03 6.482268649216527557e-04
1.576875000000000000e+03 2.799750498726796236e-04
1.578234375000000000e+03 4.823747282494315024e-03
1.579593750000000000e+03 1.174738049148812882e-03
1.580953125000000000e+03 7.217987237272990679e-04
1.582312500000000000e+03 6.031234407946103014e-03
1.583671875000000000e+03 6.039653533628007963e-03
1.585031250000000000e+03 9.897084617153740008e-03
1.586390625000000000e+03 6.891369697941448179e-03
1.587750000000000000e+03 9.370394499216097919e-03
1.589109375000000000e+03 3.464837807466466645e-03
1.590468750000000000e+03 6.544450710329002482e-03
1.591828125000000000e+03 2.698352972599117258e-02
1.593187500000000000e+03 2.383457098550782836e-03
1.594546875000000000e+03 6.655822653706318934e-04
1.595906250000000000e+03 1.770579194179250793e-03
1.597265625000000000e+03 4.250125201363426364e-03
1.598625000000000000e+03 1.894310917878328296e-02
1.599984375000000000e+03 2.276973443421257542e-02
1.601343750000000000e+03 1.198160373317806379e-02
1.602703125000000000e+03 5.757626576092167957e-03
1.604062500000000000e+03 1.235415473062195010e-03
1.605421875000000000e+03 1.368869707550953406e-02
1.606781250000000000e+03 4.008442144694246249e-03
1.608140625000000000e+03 3.305935068418842937e-03
1.609500000000000000e+03 3.140172701506497091e-03
1.610859375000000000e+03 2.124059214732836043e-02
1.612218750000000000e+03 5.050662630076484076e-03
1.613578125000000000e+03 6.867036013422794100e-03
1.614937500000000000e+03 4.233792128295194024e-03
1.616296875000000000e+03 1.704961975007749948e-03
1.617656250000000000e+03 9.529323085769344018e-03
1.619015625000000000e+03 1.422446997235714272e-02
1.620375000000000000e+03 2.066305122461236515e-03
1.621734375000000000e+03 1.276979186234164943e-03
1.623093750000000000e+03 1.244406898821453188e-02
1.624453125000000000e+03 8.024972701629768182e-03
1.625812500000000000e+03 6.235524246772907115e-04
1.627171875000000000e+03 1.132313897374431430e-02
1.628531250000000000e+03 1.990416226433618790e-02
1.629890625000000000e+03 3.127035126073122312e-02
1.631250000000000000e+03 3.692321466551763947e-03
1.632609375000000000e+03 5.199004255586613631e-03
1.633968750000000000e+03 8.301230870205881032e-03
1.635328125000000000e+03 2.060101887279669822e-03
1.636687500000000000e+03 4.736044368866070518e-03
1.638046875000000000e+03 4.603195636007285062e-03
1.639406250000000000e+03 7.642333573490374399e-03
1.640765625000000000e+03 1.291533305320263780e-02
1.642125000000000000e+03 2.491760242912861249e-03
1.643484375000000000e+03 4.782679072785700285e-04
1.644843750000000000e+03 1.074144638938119177e-03
1.646203125000000000e+03 1.051677290205375696e-02
1.647562500000000000e+03 2.087376224860141780e-02
1.648921875000000000e+03 1.074535766583926445e-02
1.650281250000000000e+03 6.377616652127816171e-03
1.651640625000000000e+03 1.780881036754961358e-02
1.653000000000000000e+03 5.392267921088870174e-04
1.654359375000000000e+03 1.334210476885862827e-02
1.655718750000000000e+03 9.124408649324307298e-04
1.657078125000000000e+03 5.529602785478760808e-03
1.658437500000000000e+03 4.721681330091586693e-04
1.659796875000000000e+03 2.860694911218033317e-03
1.661156250000000000e+03 2.126518828239137415e-03
1.662515625000000000e+03 1.222618446837998862e-02
1.663875000000000000e+03 4.177889606630329471e-04
1.665234375000000000e+03 3.281898502917488577e-03
1.666593750000000000e+03 2.915719088581941038e-03
1.667953125000000000e+03 4.057210608825768776e-03
1.669312500000000000e+03 5.740250684538287726e-03
1.670671875000000000e+03 2.783927561942710089e-03
1.672031250000000000e+03 1.429225279129140054e-03
1.673390625000000000e+03 3.805726829212807954e-03
1.674750000000000000e+03 2.516470786404700552e-02
1.676109375000000000e+03 3.923110368479891183e-03
1.677468750000000000e+03 4.031719935867776085e-03
1.678828125000000000e+03 1.207761488729788488e-02
1.680187500000000000e+03 1.912616428805608004e-02
1.681546875000000000e+03 3.086011531268497560e-03
1.682906250000000000e+03 6.012188231393322813e-03
1.684265625000000000e+03 7.400005251244195018e-03
1.685625000000000000e+03 9.142440194519641655e-03
1.686984375000000000e+03 3.760194292421722984e-02
1.688343750000000000e+03 2.937504517201564372e-02
1.689703125000000000e+03 9.295032404233351600e-03
1.691062500000000000e+03 2.575645285349134183e-03
1.692421875000000000e+03 1.946890700586858007e-03
1.693781250000000000e+03 4.546653812469234578e-03
1.695140625000000000e+03 2.250874734114228365e-02
1.696500000000000000e+03 2.215198147199173850e-02
1.697859375000000000e+03 1.135611955475383100e-02
1.699218750000000000e+03 1.529910674109496245e-04
1.700578125000000000e+03 5.014165020511364423e-03
1.701937500000000000e+03 4.386257751662004517e-03
1.703296875000000000e+03 9.036786054297503770e-03
1.704656250000000000e+03 1.031222731981163657e-03
1.706015625000000000e+03 1.415708909128044965e-02
1.707375000000000000e+03 5.047216197530981358e-03
1.708734375000000000e+03 1.491731319643467123e-03
1.710093750000000000e+03 6.309453780891990417e-03
1.711453125000000000e+03 8.258995119597456816e-03
1.712812500000000000e+03 1.236152669949629711e-02
1.714171875000000000e+03 9.987260527299804489e-04
1.715531250000000000e+03 8.339764565664386804e-04
1.716890625000000000e+03 5.785780941899210019e-04
1.718250000000000000e+03 1.110065491696422997e-02
1.719609375000000000e+03 7.243360467192528490e-03
1.720968750000000000e+03 1.553620343054708600e-02
1.722328125000000000e+03 8.795622918573405610e-04
1.723687500000000000e+03 4.927169299205399079e-04
1.725046875000000000e+03 2.880201972845039884e-02
1.726406250000000000e+03 7.155742942241324553e-03
1.727765625000000000e+03 2.492404106659578452e-03
1.729125000000000000e+03 4.586388082561908969e-02
1.730484375000000000e+03 1.555008052369709565e-03
1.731843750000000000e+03 9.031975787856550211e-03
1.733203125000000000e+03 1.803927284434138443e-03
1.734562500000000000e+03 1.017183729081027384e-03
1.735921875000000000e+03 5.038573253478118670e-04
1.737281250000000000e+03 1.447175117690392698e-02
1.738640625000000000e+03 3.780577843221558359e-03
1.740000000000000000e+03 4.356381173476752376e-03
1.741359375000000000e+03 1.147164789563029710e-02
1.742718750000000000e+03 1.030863157065566547e-02
1.744078125000000000e+03 1.182674141602046806e-02
1.745437500000000000e+03 4.525454422531185322e-03
1.746796875000000000e+03 2.528450218520844010e-03
1.748156250000000000e+03 6.731826210297641930e-03
1.749515625000000000e+03 5.223971869851749654e-03
1.750875000000000000e+03 5.042246922671695351e-03
1.752234375000000000e+03 4.017135418025077898e-03
1.753593750000000000e+03 4.972134507916947666e-03
1.754953125000000000e+03 1.007396339325300136e-02
1.756312500000000000e+03 6.988463796039235711e-03
1.757671875000000000e+03 1.013600369131601939e-02
1.759031250000000000e+03 1.702140865696224223e-04
1.760390625000000000e+03 2.497507573372928936e-03
1.761750000000000000e+03 2.255459658159299219e-02
1.763109375000000000e+03 1.603691955290398319e-02
1.764468750000000000e+03 8.903786154195901179e-03
1.765828125000000000e+03 8.981009475634765815e-03
1.767187500000000000e+03 1.535526558329001166e-02
1.768546875000000000e+03 5.418584614952289338e-03
1.769906250000000000e+03 3.972693272492396066e-03
1.771265625000000000e+03 4.186363149692774038e-02
1.772625000000000000e+03 1.355823029565381491e-02
1.773984375000000000e+03 1.035501026699243597e-03
1.775343750000000000e+03 1.914704551866435248e-02
1.776703125000000000e+03 1.403498862059025928e-03
1.778062500000000000e+03 5.852365825488528225e-03
1.779421875000000000e+03 1.202419447333846541e-03
1.780781250000000000e+03 6.090411561786445924e-03
1.782140625000000000e+03 2.004463656928838836e-02
1.783500000000000000e+03 9.838988498037774116e-03
1.784859375000000000e+03 1.226958455119602463e-02
1.786218750000000000e+03 5.251046288324529715e-03
1.787578125000000000e+03 5.290074106460772134e-03
1.788937500000000000e+03 9.567206681400536664e-03
1.790296875000000000e+03 2.410513507219968696e-02
1.791656250000000000e+03 1.742455877710536534e-04
1.793015625000000000e+03 2.821596261701971291e-03
1.794375000000000000e+03 4.408547156563874352e-03
1.795734375000000000e+03 1.726775071263516453e-02
1.797093750000000000e+03 7.176695772434409700e-04
1.798453125000000000e+03 2.635484423262071229e-03
1.799812500000000000e+03 5.778186358438592435e-03
1.801171875000000000e+03 1.192717702427075616e-02
1.802531250000000000e+03 6.076526005395809296e-03
1.803890625000000000e+03 5.904920732316294545e-03
1.805250000000000000e+03 1.956618886885929092e-03
1.806609375000000000e+03 9.702755302688992334e-03
1.807968750000000000e+03 4.702311072919749049e-03
1.809328125000000000e+03 8.659611845264416838e-03
1.810687500000000000e+03 1.922243584939900551e-02
1.812046875000000000e+03 7.162649714751663337e-03
1.813406250000000000e+03 2.262728947904825774e-02
1.814765625000000000e+03 4.269420329868972748e-03
1.816125000000000000e+03 1.952865490799131397e-03
1.817484375000000000e+03 1.218072151844769822e-02
1.818843750000000000e+03 5.478331389399638748e-03
1.820203125000000000e+03 2.622838887408044176e-02
1.821562500000000000e+03 2.343489332021187962e-02
1.822921875000000000e+03 8.261042171042879204e-03
1.824281250000000000e+03 8.405145558204067321e-03
1.825640625000000000e+03 5.583369305269988460e-03
1.827000000000000000e+03 6.633339604671222196e-03
1.828359375000000000e+03 3.073265910320022859e-03
1.829718750000000000e+03 2.388214775686567370e-02
1.831078125000000000e+03 1.179978397877952737e-02
1.832437500000000000e+03 1.310428614078821413e-02
1.833796875000000000e+03 1.212205704276190545e-02
1.835156250000000000e+03 1.172137840751957295e-02
1.836515625000000000e+03 8.962126218951165305e-03
1.837875000000000000e+03 7.236741704704793311e-03
1.839234375000000000e+03 1.490425034707094573e-02
1.840593750000000000e+03 2.590946654570146137e-03
1.841953125000000000e+03 3.891269777899834109e-03
1.843312500000000000e+03 6.666988327277748733e-03
1.844671875000000000e+03 2.180670013512581856e-02
1.846031250000000000e+03 2.857222942003240576e-02
1.847390625000000000e+03 1.285798118715981595e-03
1.848750000000000000e+03 3.786758921113741148e-03
1.850109375000000000e+03 1.212865929161304574e-03
1.851468750000000000e+03 7.222351291661687975e-03
1.852828125000000000e+03 9.627705494226184574e-03
1.854187500000000000e+03 9.042663652959524387e-03
1.855546875000000000e+03 6.499517891751178771e-03
1.856906250000000000e+03 2.232914638484721770e-02
1.858265625000000000e+03 1.248512385982315440e-02
1.859625000000000000e+03 8.249033485870424856e-03
1.860984375000000000e+03 3.954907954602979690e-03
1.862343750000000000e+03 2.672653143613811476e-03
1.863703125000000000e+03 1.063411376798480829e-02
1.865062500000000000e+03 1.454360375978092654e-03
1.866421875000000000e+03 9.616070892861640308e-04
1.867781250000000000e+03 1.800979032543720401e-03
1.869140625000000000e+03 8.871306763903810677e-03
1.870500000000000000e+03 5.277187235591509866e-03
1.871859375000000000e+03 8.903131826327214879e-03
1.873218750000000000e+03 4.067032821883478748e-03
1.874578125000000000e+03 6.511373188785754378e-03
1.875937500000000000e+03 1.983889415590462876e-02
1.877296875000000000e+03 1.330781752240796411e-03
1.878656250000000000e+03 2.915266461592003894e-03
1.880015625000000000e+03 1.863940909824312805e-02
1.881375000000000000e+03 1.028333656041587572e-03
1.882734375000000000e+03 2.725097666741852376e-03
1.884093750000000000e+03 7.539549504018071627e-03
1.885453125000000000e+03 3.460791458868616669e-03
1.886812500000000000e+03 2.499961806319026935e-03
1.888171875000000000e+03 3.925489461797192388e-03
1.889531250000000000e+03 9.631074607468202362e-03
1.890890625000000000e+03 2.401761623634965370e-03
1.892250000000000000e+03 9.807145871955091215e-03
1.893609375000000000e+03 1.394700651915280459e-03
1.894968750000000000e+03 2.247758265379188117e-03
1.896328125000000000e+03 1.170012308536265422e-02
1.897687500000000000e+03 1.115472639085649149e-02
1.899046875000000000e+03 4.753220032298694810e-03
1.900406250000000000e+03 7.809898374710667890e-03
1.901765625000000000e+03 2.932602806662097314e-02
1.903125000000000000e+03 1.617522638429827117e-02
1.904484375000000000e+03 8.571165286855128573e-03
1.905843750000000000e+03 6.391832669442352316e-03
1.907203125000000000e+03 1.680346317172024331e-02
1.908562500000000000e+03 6.269705020053153999e-03
1.909921875000000000e+03 1.230633924420641671e-04
1.911281250000000000e+03 1.376807495645429938e-02
1.912640625000000000e+03 1.311080180646355398e-02
1.914000000000000000e+03 1.370855878069171530e-02
1.915359375000000000e+03 3.062747096513499662e-03
1.916718750000000000e+03 4.437818238593313133e-03
1.918078125000000000e+03 5.035925943386370882e-03
1.919437500000000000e+03 3.302943335065371827e-02
1.920796875000000000e+03 2.494741162108360020e-04
1.922156250000000000e+03 4.520760471829777909e-03
1.923515625000000000e+03 2.074926749758833344e-02
1.924875000000000000e+03 9.215727453182247318e-04
1.926234375000000000e+03 1.233961011637197715e-02
1.927593750000000000e+03 1.037523334084813681e-03
1.928953125000000000e+03 1.059170511163270469e-02
1.930312500000000000e+03 6.091112876554672251e-04
1.931671875000000000e+03 2.564527731844392852e-03
1.933031250000000000e+03 9.052130507907849705e-03
1.934390625000000000e+03 6.641814918164607069e-03
1.935750000000000000e+03 6.880948035294258414e-03
1.937109375000000000e+03 5.452489888055568786e-03
1.938468750000000000e+03 1.087141748318385531e-02
1.939828125000000000e+03 1.214862485111701043e-02
1.941187500000000000e+03 4.255156757540271353e-03
1.942546875000000000e+03 3.231874751779052670e-03
1.943906250000000000e+03 4.702175182649896354e-03
1.945265625000000000e+03 1.077288653826702705e-02
1.946625000000000000e+03 1.430546156004038017e-03
1.947984375000000000e+03 7.565213693621689051e-03
1.949343750000000000e+03 4.009512560435571013e-03
1.950703125000000000e+03 1.100869027271607695e-03
1.952062500000000000e+03 2.458210164850705304e-03
1.953421875000000000e+03 1.283806067683731893e-02
1.954781250000000000e+03 8.153345782618030488e-03
1.956140625000000000e+03 4.021359076592197906e-02
1.957500000000000000e+03 1.075279988793819211e-02
1.958859375000000000e+03 6.398486706818083333e-03
1.960218750000000000e+03 4.553249669912614629e-03
1.961578125000000000e+03 1.669322602769583372e-02
1.962937500000000000e+03 1.226519482811007453e-03
1.964296875000000000e+03 4.144582937297459219e-03
1.965656250000000000e+03 6.794269762647115948e-03
1.967015625000000000e+03 2.368393246439075978e-02
1.968375000000000000e+03 4.317298675797914820e-03
1.969734375000000000e+03 7.885154712812638897e-03
1.971093750000000000e+03 1.303562682711853667e-02
1.972453125000000000e+03 3.098433067235336486e-03
1.973812500000000000e+03 1.861529293874311826e-03
1.975171875000000000e+03 3.240090026306318392e-03
1.976531250000000000e+03 1.324721564335774350e-02
1.977890625000000000e+03 1.946094014735918337e-02
1.979250000000000000e+03 2.549442223308115082e-02
1.980609375000000000e+03 1.755885890420041517e-03
1.981968750000000000e+03 1.838343162459665770e-04
1.983328125000000000e+03 4.069507454660147190e-03
1.984687500000000000e+03 1.704803800905052092e-03
1.986046875000000000e+03 3.716000301228559576e-03
1.987406250000000000e+03 2.187997599059381820e-02
1.988765625000000000e+03 1.970166552330708705e-03
1.990125000000000000e+03 7.902263731442239758e-03
1.991484375000000000e+03 2.292908486023394025e-03
1.992843750000000000e+03 1.935128574635840148e-02
1.994203125000000000e+03 4.075921193473825864e-04
1.995562500000000000e+03 1.015463243178631614e-03
1.996921875000000000e+03 2.450228843561467248e-03
1.998281250000000000e+03 7.826556311677754273e-04
1.999640625000000000e+03 2.569778009017632554e-03
2.001000000000000000e+03 5.732762277665466762e-03
2.002359375000000000e+03 2.443987863070543401e-02
2.003718750000000000e+03 3.316528569338180604e-02
2.005078125000000000e+03 4.663122852225498952e-03
2.006437500000000000e+03 1.885490914996572841e-04
2.007796875000000000e+03 7.884110307952717526e-04
2.009156250000000000e+03 6.363702019421747791e-03
2.010515625000000000e+03 3.849902115524549660e-03
2.011875000000000000e+03 1.107228750476070729e-02
2.013234375000000000e+03 7.966326191770879694e-03
2.014593750000000000e+03 1.610607657342684462e-02
2.015953125000000000e+03 8.954105502394596808e-03
2.017312500000000000e+03 1.913995272412669785e-02
2.018671875000000000e+03 1.887225405743774356e-02
2.020031250000000000e+03 2.658730044190323744e-02
2.021390625000000000e+03 1.600733341224518059e-03
2.022750000000000000e+03 1.173476738317605350e-02
2.024109375000000000e+03 3.700688257766463277e-03
2.025468750000000000e+03 5.786727878501374267e-03
2.026828125000000000e+03 8.063113494052056435e-03
2.028187500000000000e+03 2.600226039551913580e-03
2.029546875000000000e+03 1.186329618476678581e-02
2.030906250000000000e+03 3.713058914654296296e-03
2.032265625000000000e+03 2.167321319604032740e-03
2.033625000000000000e+03 5.879527222222940414e-03
2.034984375000000000e+03 1.294211086275171008e-02
2.036343750000000000e+03 5.756259165289085052e-03
2.037703125000000000e+03 1.177146227923600401e-02
2.039062500000000000e+03 1.686100808183544839e-02
2.040421875000000000e+03 3.232620884147211632e-02
2.041781250000000000e+03 3.971660279206968430e-03
2.043140625000000000e+03 1.530114489219385268e-02
2.044500000000000000e+03 6.843684073471962941e-03
2.045859375000000000e+03 1.257261604178329731e-02
2.047218750000000000e+03 2.384884365869109624e-02
